1
1
1
1
1
1
1
1
1
1
1
1
1
1
1
1
1
1
1
1
1
1
1
1
1
1
1
1
1
1
1
9107
1232
2527
4396
4677
6605
6192
5508
2874
7679
9451
8738
8218
1547
6669
4416
1320
315
7243
9749
2366
3262
924
2532
1988
2306
3980
1445
2770
4996
2633
1518
1210
3219
1047
6237
8090
3361
3308
2418
9980
8970
2646
6314
1833
9314
4951
3882
6606
6387
922
8775
5692
3777
9936
8712
4104
3156
5023
7439
5322
1855
6182
9265
9047
7627
8803
6879
8008
258
5077
2867
3289
4494
604
6740
7077
2064
9861
1428
8972
4437
8360
904
4427
3922
3578
4047
5242
4452
7981
5975
2159
871
9356
9478
4867
8717
5949
2745
1236
1758
1864
9470
8710
502
8186
6730
7907
4558
6751
1646
4167
9749
9255
2990
1130
6767
5267
3900
7428
9528
5678
2469
4604
5962
4838
85
1233
3588
4995
6201
5576
6733
4163
4141
9893
2402
3047
9410
6450
2954
7297
960
4424
9496
258
8455
491
8869
3912
3813
4172
3568
8936
7611
463
9808
5768
3637
7880
3126
2712
4
2450
4609
7518
9685
3667
9287
3637
9239
1423
5947
9459
1544
3112
1548
8
2626
3295
7747
45
4337
629
9961
2457
9381
77
2851
6052
970
8874
9184
9963
149
8973
4079
9376
4341
5385
4298
9826
9746
7956
9286
3831
4134
25
7508
3114
8365
772
298
9699
8178
4767
172
6097
5357
2903
1366
6257
1224
2449
7893
9976
29
3850
2851
7067
5244
1284
5227
5489
58
4098
380
9423
9571
6288
1769
8854
7102
690
9367
3132
9408
8647
4662
1383
958
415
5400
6739
1100
5207
8930
611
5626
7953
6914
2750
5010
1128
6924
7679
6420
9856
8930
611
5626
7953
6914
2750
5010
1128
6924
7679
6420
9856
9381
77
2851
6052
970
8874
9184
9963
149
8973
4079
9376
4341
5385
4298
9826
9746
7956
9286
3831
4134
25
7508
3114
8365
772
298
9699
8178
4767
172
6097
5357
2903
1366
6257
1224
2449
7893
9976
29
3850
2851
7067
5244
1284
5227
5489
58
4098
380
9423
9571
